6352
2049
283375
266675
91624
170575
11078
116842
85477
202309
203111
163688
5788
58484
150000
54443
199777
10044
3321
222546
114134
7099
126859
131450
93986
124872
148823
93010
146722
155051
26112
85407
245972
11276
8654
117157
257194
138009
151393
80760
139599
206358
84873
146723
27199
6571
246213
150538
134285
114757
10158
161835
148266
150290
152756
220441
84902
84962
159296
114041
27334
7166
257240
338382
340419
10457
636
8671
957
65065
253827
79819
79949
3683
26228
11240
83998
166968
84326
57522
26002
140738
54805
222008
54509
220965
2118
2045
338094
57214
57502
7298
1188
4085
83593
5737
10225
84620
716
22849
133522
8633
3689
10018
28513
255231
56776
79849
3426
7535
83871
22914
6876
51338
130340
1033
2786
54331
10631
973
57761
400692
100130776
7431
1604
145873
64399
4760
100289632
23380
9976
27145
256380
285097
5337
84239
200728
146336
27250
2187
374569
960
100127983
1356
4154
574028
5820
643236
643763
388722
10085
339751
5136
441461
284408
128611
728264
773
387357
284759
253018
283486
38
285736
4211
283897
25939
100048912
284723
84777
728153
53918
89857
2494
342926
285878
285972
144132
51427
147409
1776
150005
653739
5166
340090
100272228
94121
79368
163486
1131
374900
10050
4094
54884
149086
346389
972
8618
339665
339804
10677
646627
645784
2892
389432
389812
28968
4638
5244
6282
5476
7803
8404
6319
9588
10528
894
59
710
10606
1843
10398
5954
3838
7057
1434
3115
7078
8140
7153
5621
10581
2012
2114
8507
2878
9368
7345
10131
6659
79084
6414
1728
4629
7045
2273
6652
4830
8519
8607
800
3655
7076
4082
4605
2037
7805
6446
929
6035
2192
7407
2030
79888
2202
1281
994
2908
6241
1634
4057
1942
6422
23466
332
4171
25937
5831
8522
6535
1674
5347
7102
72
5176
4070
4147
6695
4601
12
5997
4609
5118
5349
9768
23650
6616
2305
1503
5352
322
7456
558
8743
3485
2308
9452
445815
2200
2354
27338
11346
4363
3576
991
54541
290
140885
6279
287
6662
2995
3554
713
11065
3059
827
5996
730
11075
10535
51363
10516
1436
4891
3800
5156
3434
9770
983
7378
1001
1841
477
8905
2162
7050
10019
348
1643
4753
963
890
51439
8614
1000
6252
10231
10404
4233
4046
324
6280
687
920
4023
9232
26
9638
9839
705
6817
23017
9332
7111
6387
5577
5311
2487
3708
1803
8659
2014
5937
701
9787
25802
7164
23635
7447
9936
6586
2983
8850
5064
104
54475
7412
5293
2199
5332
3248
6919
2730
384
1264
10529
771
990
2167
8987
2530
1846
9319
7857
1902
9781
4129
10810
4199
5920
4534
3561
962
8318
5983
3291
9136
5138
10635
23166
1036
10403
11117
1164
951
1318
5549
51454
2313
2767
4316
1114
6273
7004
5507
4501
5999
10626
6286
23768
2584
4128
10278
6558
9215
2537
341
8061
55885
6518
10964
240
9762
23641
2619
6622
5803
2919
2596
4312
7122
115
4644
22873
8438
3662
6402
1346
4321
933
3897
10752
6781
6366
5336
3690
4751
1806
1043
11237
4033
8910
3087
993
1113
9603
9493
2153
10351
5653
4495
4675
3131
2775
2237
3590
2123
8208
4118
11326
9737
2009
6236
3294
7272
9833
899
2350
10875
2731
5268
5126
9938
10232
10733
8639
3587
1373
6943
5350
399
8406
5790
1058
8082
5962
7433
10320
2568
440
5167
6584
4998
1836
51196
10090
958
10446
3872
1439
23464
4921
25797
11005
7123
9744
350
9122
29899
10563
4306
5450
3937
7804
2533
8556
650
974
6688
4330
6819
2769
185
3216
43
874
5174
5348
1111
9201
7850
8434
744
1880
6581
653
590
22848
4886
5255
916
5154
6338
11012
1602
6364
5502
7360
27240
3001
2690
27286
695
1360
6947
55786
8418
3233
1404
862
5099
1380
9899
4488
5125
10125
5152
1830
10293
284
22915
4485
218
1359
978
577
1511
9734
9514
3112
4319
7177
10590
8630
2675
925
2161
2330
3684
912
4857
25780
7220
80342
4919
8976
5068
3316
4314
1047
914
25859
9450
6689
3706
3977
7704
3676
5968
22871
6583
1524
5368
6533
5649
5865
4487
26040
2294
3570
759
3777
3231
4246
1800
911
10863
1576
4224
4852
10874
443
1825
3827
7644
26191
2042
5801
5003
1368
1842
9837
270
643
27299
9705
7855
1811
3563
63928
939
23436
4081
154
140
3598
654
383
1087
4223
762
1469
8483
640
126
7098
3284
6691
4093
9211
28234
11251
9928
6375
5972
5294
2295
288
5139
5196
6505
930
9745
2254
6357
2641
3037
7482
55966
4496
10154
9834
4056
23639
7512
948
3642
5371
9447
946
2903
3818
11156
634
7432
3990
5145
1134
9934
608
2735
6476
3003
2571
10462
54435
9750
23136
27306
631
1907
343
917
5375
6405
10990
1101
4084
1610
2788
56253
4821
7903
9723
5367
10317
6335
23266
364
51471
23432
729230
1235
2555
1466
2694
2736
9498
5697
1438
10859
5592
63934
6799
64499
3356
248
11146
339
3161
9398
3671
6550
9099
27290
944
8399
3738
2897
7367
4225
6564
55018
54738
79175
845
4317
5858
7782
3236
7366
7691
54831
5028
58530
8544
2169
2206
1565
2981
766
5593
623
23657
1670
1030
11170
9058
2491
430
6542
4593
23495
29909
57343
25840
8814
11262
3824
5627
3859
2232
1671
124
10458
11126
2921
6332
4931
10004
5579
4208
1805
10370
4355
3903
6790
81691
81698
6928
54504
114876
8365
725
2263
651
1755
27181
8647
5794
2532
3631
5105
11082
1908
1837
3957
2813
1378
5307
2838
6641
7148
7086
1831
3936
6717
3397
3855
23705
11151
7205
8611
6929
2824
7852
10979
7991
5178
490
1410
3400
8795
760
563
3861
8613
1893
306
7851
3507
4071
1116
3006
10418
23345
1847
5764
2823
5919
5873
9459
3479
8542
4692
23179
11145
2048
25878
125
1066
27295
26031
5523
699
219
83604
7276
8824
28755
81553
2139
9429
5967
4613
8076
91851
2920
5655
969
90865
7436
3119
3603
54674
6663
10435
114088
23284
57405
9353
199
9378
6362
3779
429
5243
8115
10309
919
22974
6363
6489
3486
5959
3552
8707
5376
419
6373
1773
7008
5354
7036
1136
2841
4359
7498
10586
733
931
4063
8549
5023
6095
2172
5026
8529
55621
2335
8829
3624
9590
27077
6368
3373
5539
113835
54499
8718
8838
200315
24142
2213
942
10402
10142
4176
2651
8794
8832
1272
23305
4068
2264
140597
1305
834
5979
645745
1462
775
26018
84525
3500
3535
7001
5730
54490
8416
2205
2124
5408
84296
28831
4640
3113
4288
1291
23089
4173
4502
115207
5270
10410
4131
9444
23048
25999
2618
6925
219654
55544
23327
23384
64795
23111
3934
23052
3512
23140
10000
23180
6678
57460
4239
23336
26051
10562
23500
158471
83700
23382
4684
4493
7373
23397
23158
55215
23331
169611
85453
7074
6591
23302
1794
23508
4337
6091
108
8622
57613
79987
7035
9881
6297
1292
1540
23228
53405
10196
25907
57212
23461
11223
23035
11037
1193
10799
1268
23114
25928
1181
3908
915
23066
146712
11339
10924
4494
221692
25891
10847
3854
6398
91543
3075
11213
51750
6964
79789
3202
221981
9413
3490
6750
375057
5733
54474
26049
923
57188
347733
6355
924
6472
2762
653808
5473
284244
2495
57194
84179
2779
4586
10235
1521
3199
3820
23404
1215
2359
3755
9073
3237
3198
84981
891
283537
157869
23090
27163
126393
9917
4481
28908
23504
3172
57538
26050
57556
160518
55001
154661
56271
4015
23314
26010
9397
28785
91353
2534
2918
23223
23250
6347
23189
11314
50852
4058
10917
7225
51561
6955
6752
23460
81621
283298
91775
4499
339479
220134
2
11031
718
51466
5464
25825
79901
53826
116496
51170
22822
9055
51203
53827
56654
10580
55720
56944
9076
55198
51177
712
79711
10460
55450
55859
51330
9569
64781
26585
7227
55165
79762
55222
9935
28986
51195
64151
51310
51309
51074
54894
8436
55355
4969
54929
10112
79154
80014
29028
55612
55340
56967
57048
2217
54972
729238
80150
55843
54997
79695
81831
79850
79870
26504
57088
57134
27344
25984
54517
55601
55281
79075
55765
51316
23596
79710
10894
54829
51171
78986
55872
57823
64236
51285
80022
55670
9388
57715
29106
57758
58494
55422
55273
55303
79094
55619
80310
55640
64921
4674
78990
56833
55704
63924
51705
64174
79801
25788
51816
9245
6614
55714
9022
64081
64221
55839
80178
79686
3773
55016
54892
53905
63895
24146
79783
64231
57126
79656
6926
7976
59353
54809
9956
79628
79153
50506
9499
55521
5101
80758
79625
79989
474344
23414
1894
11254
53841
11320
10170
79037
54360
79898
55190
51191
140578
79739
55026
79148
28231
28965
79799
57733
54596
11226
55034
9955
54518
55282
53829
56605
22802
55359
80235
54988
29802
64097
79772
29121
54959
1412
51284
80323
79085
54825
56648
80231
55296
9314
54796
79785
54857
79839
54855
79861
389136
64092
54852
23491
64922
29064
51557
79895
53347
79908
50489
51302
55532
80117
55283
55423
25890
2826
80031
387751
29951
79400
54827
51348
55388
56938
80157
43849
64388
11148
79981
54860
56934
29968
81849
29091
81618
81035
8863
10022
140803
54979
26960
60468
7145
56159
81563
81493
51237
9340
83461
6369
58528
83716
51063
83937
7462
3778
9214
26353
4869
80305
25960
90355
81570
27147
85352
114112
84900
2115
32
2982
90362
79726
1454
50863
1191
9466
353189
1285
7594
10003
9510
63876
79007
282997
3268
347853
51645
30815
30001
8313
29841
64105
27345
26289
55803
29070
51209
9840
117247
79000
129807
28987
6423
58480
29089
55437
58475
666
28989
83540
56963
10673
9075
66000
6860
3038
5570
3070
23671
64098
57670
84059
81693
51166
83935
55600
7732
2857
84417
63827
283316
81786
84057
10082
9963
83539
83959
114898
81793
84281
27283
64407
83758
83888
51435
114905
56164
56477
64805
91653
84636
8325
9068
1073
83661
83417
83416
84647
64333
84306
84798
84803
84319
7077
9188
84168
113130
56261
58476
84706
84916
57580
5069
147495
22836
151887
57181
714
54492
399959
10098
154810
25845
122786
220323
25902
4133
200916
29904
440145
152007
55824
7325
29128
124976
81610
59345
171024
92241
89958
128077
221895
114907
25849
317649
79689
164832
26086
10335
84649
144165
4286
51228
29767
257106
4163
5239
84133
50515
11099
79745
768211
89932
55502
2686
57458
57224
400043
25943
134111
10071
157313
152137
25927
57198
157695
253512
283267
56999
219972
56977
79817
389125
3111
84329
85460
30812
93099
84624
387103
55789
4773
55599
286336
94274
284217
7802
387763
137872
84958
130271
256764
57699
3899
57713
26147
112609
57482
84668
151195
57526
338773
90139
3673
1840
9953
165215
2737
219348
94234
154043
203522
220963
2674
124491
29842
23533
1879
57631
260293
56849
54102
85004
285195
9423
340526
84141
5563
51676
652995
55010
400960
387119
256236
222553
113115
168537
143903
93589
120425
320
326624
111
84870
114815
147906
23584
374403
256714
92092
220042
5010
144402
57569
170371
152404
2681
130497
139716
100132891
151354
5481
91526
9218
23446
90784
100286909
128346
5241
10052
57628
401022
147111
137075
7068
79974
192668
221303
7275
256691
84913
4135
152330
116135
81624
22866
6563
260436
146556
283659
1278
200931
197257
148808
57549
203859
646870
127845
257000
117581
162417
348094
195828
51311
120892
150468
196996
79191
3218
286530
388335
117289
1286
286133
644150
2906
126669
133121
2676
51050
143872
116442
345557
100133660
145270
27115
2151
55973
151246
2131
3090
134548
2259
158293
93166
120224
402415
342035
115123
84951
954
6574
84904
399694
10110
572558
405753
93035
157503
57495
123264
10800
389206
407738
284076
341640
100287411
222643
340024
392465
115352
148741
339778
100129514
151556
1075
137970
340146
144501
203274
157860
57453
8499
100128178
57822
92126
79648
57462
92235
283383
9861
254057
63976
8559
85007
93082
284367
80341
9209
91464
8997
92482
64753
54763
57528
55342
53345
100129069
80816
27111
401081
59269
254439
84725
83715
343450
26153
55902
92291
28823
57835
114801
221662
152926
138065
157570
54941
3707
161582
84102
155038
257144
727936
84824
137392
84868
196740
57381
646962
128553
152831
7772
389058
83872
115350
284348
81285
54879
151888
55672
8353
197358
8999
389023
6330
284716
90594
285671
100288911
22978
401097
154075
80333
151827
55
115584
374899
27109
5602
389332
6656
3514
114786
195814
285016
643911
158763
643714
118932
27303
163255
286097
9208
80328
219855
4867
88455
170302
338758
6281
3667
152078
2683
115111
81704
283518
147947
57604
80131
253152
145837
286437
340267
151878
201633
402682
342574
149628
386618
374443
145741
727910
286052
4817
338811
344887
6340
27022
374877
814
997
389362
147381
25994
161436
253012
163175
5272
55137
1750
150084
283869
3188
151258
388581
7444
348035
9265
1767
6789
401494
340533
125113
145282
6098
160365
388507
5229
57477
1301
7454
55565
138162
